tests/data/19plusV2_7360_20141014_testCF.cnv
* Sea-Bird SBE19plus Data File:
* FileName = C:\WQ\field\CTD_files\Aqr-6199\WQP111.hex
* Software Version 1.59
* Temperature SN =  7360
* Conductivity SN =  7360
* System UpLoad Time = Jul 15 2015 21:54:45
* ds
* SBE 19plus V 2.5.2  SERIAL NO. 7360    15 Jul 2015 11:54:14
# nquan = 10
# nvalues = 1452                        
# units = specified
# name 0 = prdM: Pressure, Strain Gauge [db]
# name 1 = tv290C: Temperature [ITS-90, deg C]
# name 2 = c0S/m: Conductivity [S/m]
# name 3 = sbeox0V: Oxygen raw, SBE 43 [V]
# name 4 = flECO-AFL: Fluorescence, WET Labs ECO-AFL/FL [mg/m^3]
# name 5 = CStarTr0: Beam Transmission, WET Labs C-Star [%]
# name 6 = scan: Scan Count
# name 7 = timeS: Time, Elapsed [seconds]
# name 8 = par/sat/log: PAR/Logarithmic, Satlantic [umol photons/m^2/sec]
# name 9 = flag:  0.000e+00
# span 0 =      0.060,     16.051       
# span 1 =    21.4872,    22.3093       
# span 2 =   0.100941,   5.141568       
# span 3 =     2.0160,     2.8450       
# span 4 =    -0.1754,    29.3114       
# span 5 =     7.7269,    84.1358       
# span 6 =          1,       1452       
# span 7 =      0.000,    362.750       
# span 8 = 9.4018e+01, 3.3028e+03       
# span 9 = 0.0000e+00, 0.0000e+00       
# interval = seconds: 0.25
# start_time = Jul 15 2015 03:43:07 [Instrument's time stamp, header]
# bad_flag = -9.990e-29
*END*
[from data line 289]
      0.678    22.2972   5.137544     2.2901     0.1748    80.9759        290     72.250 1.2355e+03 0.0000e+00
      0.676    22.2967   5.137508     2.2946     0.1766    80.9498        291     72.500 1.5139e+03 0.0000e+00
      0.672    22.2965   5.137350     2.2972     0.1762    80.9792        292     72.750 1.4567e+03 0.0000e+00
      0.666    22.2965   5.137195     2.2992     0.1789    80.7997        293     73.000 1.2119e+03 0.0000e+00
      0.661    22.2962   5.137129     2.2952     0.1739    80.8029        294     73.250 1.0132e+03 0.0000e+00
      0.656    22.2956   5.137164     2.2940     0.1762    80.8160        295     73.500 9.4008e+02 0.0000e+00
      0.652    22.2949   5.137254     2.2946     0.1844    80.6887        296     73.750 7.1281e+02 0.0000e+00
      0.650    22.2944   5.137323     2.2951     0.1839    80.6919        297     74.000 1.7705e+03 0.0000e+00
      0.648    22.2941   5.137308     2.2958     0.1821    80.6854        298     74.250 8.6972e+02 0.0000e+00
      0.646    22.2939   5.137211     2.2924     0.1844    80.6887        299     74.500 6.8163e+02 0.0000e+00
      0.643    22.2936   5.137088     2.2875     0.1821    80.8666        300     74.750 4.5300e+02 0.0000e+00
      0.640    22.2931   5.137006     2.2809     0.1546    80.8470        301     75.000 9.9347e+02 0.0000e+00
      0.638    22.2923   5.137004     2.2733     0.1556    80.8601        302     75.250 1.5804e+03 0.0000e+00
      0.636    22.2912   5.137071     2.2692     0.1546    80.8454        303     75.500 1.4074e+03 0.0000e+00
      0.637    22.2903   5.137131     2.2632     0.1542    80.8535        304     75.750 1.3105e+03 0.0000e+00
      0.637    22.2900   5.137110     2.2596     0.1688    80.8437        305     76.000 1.0359e+03 0.0000e+00
      0.635    22.2901   5.137024     2.2596     0.1688    80.7997        306     76.250 1.6672e+03 0.0000e+00
      0.631    22.2902   5.136952     2.2599     0.1702    80.7801        307     76.500 1.0753e+03 0.0000e+00
      0.627    22.2899   5.136953     2.2636     0.1698    80.7866        308     76.750 1.5648e+03 0.0000e+00
      0.625    22.2894   5.137030     2.2711     0.0970    80.7833        309     77.000 1.5952e+03 0.0000e+00
      0.627    22.2891   5.137145     2.2802     0.0965    68.8570        310     77.250 1.6033e+03 0.0000e+00
      0.631    22.2896   5.137229     2.2920     0.0961    68.8782        311     77.500 8.7771e+02 0.0000e+00
      0.635    22.2910   5.137159     2.3062     0.0970    68.8815        312     77.750 2.8318e+03 0.0000e+00
      0.636    22.2927   5.136851     2.3262     0.0956    75.9194        313     78.000 1.5999e+03 0.0000e+00
      0.633    22.2940   5.136348     2.3495     0.1542    75.9129        314     78.250 8.4029e+02 0.0000e+00
      0.629    22.2942   5.135653     2.3662     0.1560    75.9178        315     78.500 1.5587e+03 0.0000e+00
      0.626    22.2936   5.135084     2.3796     0.1560    75.8868        316     78.750 1.6124e+03 0.0000e+00
      0.626    22.2930   5.135281     2.3966     0.1533    55.7963        317     79.000 2.0024e+03 0.0000e+00
      0.628    22.2931   5.136065     2.4120     0.2814    55.7963        318     79.250 9.7320e+02 0.0000e+00
      0.631    22.2940   5.136698     2.4227     0.2782    55.8110        319     79.500 8.6955e+02 0.0000e+00
      0.633    22.2952   5.137001     2.4293     0.2755    83.6495        320     79.750 1.0743e+03 0.0000e+00
      0.633    22.2961   5.137153     2.4337     0.2792    83.6429        321     80.000 2.0827e+03 0.0000e+00
      0.633    22.2962   5.137242     2.4312     0.2760    83.6380        322     80.250 1.0610e+03 0.0000e+00
      0.632    22.2957   5.137290     2.4256     0.1203    83.5907        323     80.500 1.4251e+03 0.0000e+00
      0.631    22.2949   5.137315     2.4143     0.1180    83.5923        324     80.750 1.6351e+03 0.0000e+00
      0.629    22.2940   5.137339     2.4014     0.1176    83.6021        325     81.000 1.3414e+03 0.0000e+00
      0.627    22.2930   5.137373     2.3916     0.1180    83.5760        326     81.250 1.5651e+03 0.0000e+00
      0.627    22.2919   5.137417     2.3838     0.1455    83.7817        327     81.500 1.1326e+03 0.0000e+00
      0.627    22.2908   5.137459     2.3804     0.1505    83.8176        328     81.750 1.1355e+03 0.0000e+00
      0.629    22.2900   5.137471     2.3767     0.1478    83.7931        329     82.000 1.3440e+03 0.0000e+00
      0.630    22.2895   5.137442     2.3753     0.1464    83.8388        330     82.250 1.4154e+03 0.0000e+00
      0.630    22.2891   5.137393     2.3701     0.1734    83.8078        331     82.500 1.5608e+03 0.0000e+00
      0.629    22.2887   5.137347     2.3636     0.1771    83.8453        332     82.750 1.5859e+03 0.0000e+00
      0.628    22.2883   5.137314     2.3611     0.1766    83.9237        333     83.000 1.8225e+03 0.0000e+00
      0.628    22.2877   5.137286     2.3570     0.1757    83.9171        334     83.250 2.0165e+03 0.0000e+00
      0.628    22.2873   5.137252     2.3481     0.1789    83.9335        335     83.500 1.0251e+03 0.0000e+00
      0.628    22.2869   5.137208     2.3409     0.1107    83.9498        336     83.750 1.4390e+03 0.0000e+00
      0.629    22.2865   5.137162     2.3285     0.1130    83.8551        337     84.000 1.0968e+03 0.0000e+00
      0.630    22.2863   5.137121     2.3138     0.1112    83.8502        338     84.250 1.5242e+03 0.0000e+00
      0.632    22.2861   5.137088     2.3001     0.1093    83.8535        339     84.500 9.3716e+02 0.0000e+00
      0.634    22.2859   5.137061     2.2874     0.1180    83.9367        340     84.750 1.5198e+03 0.0000e+00
      0.637    22.2857   5.137040     2.2737     0.1208    83.9416        341     85.000 1.5743e+03 0.0000e+00
      0.640    22.2854   5.137022     2.2586     0.1185    83.9318        342     85.250 1.7438e+03 0.0000e+00
      0.643    22.2851   5.137003     2.2449     0.1162    83.9286        343     85.500 1.3261e+03 0.0000e+00
      0.647    22.2848   5.136985     2.2274     0.0928    83.8943        344     85.750 1.8393e+03 0.0000e+00
      0.652    22.2844   5.136972     2.2114     0.0956    83.8959        345     86.000 1.4604e+03 0.0000e+00
      0.656    22.2841   5.136962     2.1952     0.0965    83.8959        346     86.250 1.2549e+03 0.0000e+00
      0.661    22.2837   5.136955     2.1800     0.0979    83.7980        347     86.500 9.8443e+02 0.0000e+00
      0.665    22.2834   5.136952     2.1646     0.0956    83.7996        348     86.750 1.1390e+03 0.0000e+00
      0.669    22.2830   5.136950     2.1476     0.1221    83.7898        349     87.000 8.4900e+02 0.0000e+00
      0.674    22.2826   5.136944     2.1354     0.1253    83.8274        350     87.250 6.2233e+02 0.0000e+00
      0.679    22.2821   5.136938     2.1256     0.1263    83.8388        351     87.500 8.1804e+02 0.0000e+00
      0.685    22.2816   5.136936     2.1160     0.1253    83.8420        352     87.750 7.7363e+02 0.0000e+00
      0.690    22.2812   5.136938     2.1059     0.1757    83.8323        353     88.000 8.0808e+02 0.0000e+00
      0.695    22.2809   5.136943     2.0941     0.1752    83.8812        354     88.250 1.6357e+03 0.0000e+00
      0.700    22.2806   5.136948     2.0819     0.1762    83.8812        355     88.500 1.6130e+03 0.0000e+00
      0.704    22.2804   5.136949     2.0713     0.1752    83.8633        356     88.750 1.0363e+03 0.0000e+00
      0.709    22.2801   5.136951     2.0641     0.2132    83.9286        357     89.000 8.8801e+02 0.0000e+00
      0.713    22.2799   5.136962     2.0558     0.2142    83.9237        358     89.250 1.2595e+03 0.0000e+00
      0.716    22.2798   5.136983     2.0493     0.2114    83.9481        359     89.500 1.1331e+03 0.0000e+00
      0.717    22.2796   5.137013     2.0430     0.2132    83.8404        360     89.750 7.3921e+02 0.0000e+00
      0.718    22.2793   5.137035     2.0374     0.2119    83.8306        361     90.000 1.4848e+03 0.0000e+00
      0.718    22.2791   5.137036     2.0349     0.1679    83.8339        362     90.250 1.0612e+03 0.0000e+00
      0.719    22.2789   5.137022     2.0343     0.1688    83.8388        363     90.500 8.1963e+02 0.0000e+00
      0.720    22.2787   5.137004     2.0394     0.1661    83.8045        364     90.750 1.5548e+03 0.0000e+00
      0.721    22.2787   5.136986     2.0518     0.1698    83.7849        365     91.000 2.0742e+03 0.0000e+00
      0.723    22.2787   5.136968     2.0730     0.1913    83.7833        366     91.250 9.1947e+02 0.0000e+00
      0.724    22.2787   5.136948     2.0936     0.1913    83.9024        367     91.500 1.3556e+03 0.0000e+00
      0.724    22.2788   5.136928     2.1097     0.1908    83.9090        368     91.750 7.8089e+02 0.0000e+00
      0.724    22.2788   5.136912     2.1182     0.1926    83.9122        369     92.000 6.2988e+02 0.0000e+00
      0.723    22.2789   5.136902     2.1217     0.1885    83.8633        370     92.250 4.6541e+02 0.0000e+00
      0.722    22.2790   5.136897     2.1202     0.1670    83.4242        371     92.500 8.2203e+02 0.0000e+00
      0.721    22.2791   5.136895     2.1165     0.1688    83.4307        372     92.750 2.9030e+02 0.0000e+00
      0.720    22.2792   5.136894     2.1098     0.1679    83.4177        373     93.000 8.8285e+02 0.0000e+00
      0.720    22.2792   5.136899     2.1058     0.1693    83.7735        374     93.250 1.6617e+03 0.0000e+00
      0.721    22.2793   5.136909     2.0965     0.1913    83.7898        375     93.500 4.7919e+02 0.0000e+00
      0.721    22.2793   5.136921     2.0893     0.1894    83.7686        376     93.750 9.6528e+02 0.0000e+00
      0.721    22.2793   5.136929     2.0845     0.1894    83.7523        377     94.000 1.1260e+03 0.0000e+00
      0.722    22.2794   5.136930     2.0778     0.1904    83.7539        378     94.250 5.3797e+02 0.0000e+00
      0.722    22.2795   5.136928     2.0713     0.1835    83.7686        379     94.500 1.2593e+03 0.0000e+00
      0.723    22.2799   5.136929     2.0674     0.1844    83.7409        380     94.750 5.6313e+02 0.0000e+00
      0.723    22.2805   5.136935     2.0614     0.1844    83.8518        381     95.000 4.1528e+02 0.0000e+00
      0.722    22.2812   5.136939     2.0584     0.1826    83.8486        382     95.250 1.4390e+03 0.0000e+00
      0.720    22.2818   5.136941     2.0600     0.1835    83.8535        383     95.500 1.3044e+03 0.0000e+00
      0.718    22.2821   5.136947     2.0742     0.1679    83.8274        384     95.750 9.0281e+02 0.0000e+00
      0.717    22.2823   5.136966     2.1020     0.1679    83.8225        385     96.000 1.0411e+03 0.0000e+00
      0.719    22.2827   5.137005     2.1335     0.1679    83.8420        386     96.250 6.3740e+02 0.0000e+00
      0.722    22.2832   5.137054     2.1627     0.1688    78.6125        387     96.500 8.0714e+02 0.0000e+00
      0.724    22.2841   5.137085     2.1804     0.1459    78.6076        388     96.750 1.8497e+03 0.0000e+00
      0.725    22.2850   5.137090     2.1918     0.1473    78.6076        389     97.000 1.2882e+03 0.0000e+00
      0.724    22.2859   5.137086     2.1975     0.1505    78.6174        390     97.250 1.3906e+03 0.0000e+00
      0.721    22.2864   5.137096     2.2025     0.1492    83.7425        391     97.500 1.1775e+03 0.0000e+00
      0.720    22.2865   5.137135     2.2048     0.2059    83.7686        392     97.750 1.5145e+03 0.0000e+00
      0.720    22.2865   5.137202     2.2049     0.2045    83.7588        393     98.000 1.3747e+03 0.0000e+00
      0.722    22.2868   5.137276     2.2034     0.2050    83.8975        394     98.250 1.4862e+03 0.0000e+00
      0.725    22.2877   5.137325     2.1985     0.2045    83.9106        395     98.500 1.1746e+03 0.0000e+00
      0.726    22.2889   5.137331     2.1965     0.2045    83.9122        396     98.750 1.1914e+03 0.0000e+00
      0.726    22.2902   5.137317     2.1949     0.1276    83.7588        397     99.000 1.4124e+03 0.0000e+00
      0.725    22.2913   5.137327     2.1939     0.1276    83.7621        398     99.250 7.7198e+02 0.0000e+00
      0.723    22.2921   5.137389     2.1917     0.1253    83.7555        399     99.500 1.2575e+03 0.0000e+00
      0.723    22.2925   5.137498     2.1942     0.1286    83.7490        400     99.750 1.3138e+03 0.0000e+00
      0.723    22.2929   5.137610     2.1978     0.1675    83.9122        401    100.000 1.0493e+03 0.0000e+00
      0.724    22.2934   5.137663     2.2075     0.1679    83.9122        402    100.250 1.4449e+03 0.0000e+00
      0.724    22.2940   5.137650     2.2194     0.1707    83.9171        403    100.500 1.1895e+03 0.0000e+00
      0.722    22.2945   5.137627     2.2308     0.1693    83.8535        404    100.750 8.7583e+02 0.0000e+00
      0.720    22.2947   5.137647     2.2366     0.1908    83.8535        405    101.000 1.3184e+03 0.0000e+00
      0.719    22.2947   5.137721     2.2416     0.1913    83.8535        406    101.250 1.7802e+03 0.0000e+00
      0.719    22.2944   5.137814     2.2491     0.1876    83.8388        407    101.500 9.1572e+02 0.0000e+00
      0.720    22.2942   5.137877     2.2586     0.1899    83.8567        408    101.750 1.0722e+03 0.0000e+00
      0.721    22.2941   5.137884     2.2652     0.1885    83.8437        409    102.000 2.0981e+03 0.0000e+00
      0.722    22.2942   5.137842     2.2696     0.2073    83.8600        410    102.250 8.3899e+02 0.0000e+00
      0.723    22.2943   5.137788     2.2675     0.2045    83.8355        411    102.500 9.8443e+02 0.0000e+00
      0.723    22.2945   5.137752     2.2623     0.2045    83.8420        412    102.750 7.9777e+02 0.0000e+00
      0.723    22.2947   5.137741     2.2525     0.2082    83.8453        413    103.000 8.7566e+02 0.0000e+00
      0.724    22.2948   5.137750     2.2415     0.1963    83.8698        414    103.250 1.1435e+03 0.0000e+00
      0.724    22.2948   5.137776     2.2293     0.1972    83.8747        415    103.500 7.5652e+02 0.0000e+00
      0.724    22.2948   5.137808     2.2187     0.1986    83.8682        416    103.750 1.1526e+03 0.0000e+00
      0.725    22.2948   5.137824     2.2033     0.1972    83.8714        417    104.000 1.5682e+03 0.0000e+00
      0.724    22.2948   5.137812     2.1923     0.1885    83.8812        418    104.250 1.0263e+03 0.0000e+00
      0.723    22.2947   5.137797     2.1836     0.1926    83.8812        419    104.500 1.6980e+03 0.0000e+00
      0.722    22.2946   5.137813     2.1704     0.1904    83.8600        420    104.750 8.8870e+02 0.0000e+00
      0.721    22.2943   5.137871     2.1598     0.1894    83.8176        421    105.000 1.3710e+03 0.0000e+00
      0.723    22.2942   5.137943     2.1482     0.1917    83.8143        422    105.250 1.3049e+03 0.0000e+00
      0.724    22.2944   5.137982     2.1385     0.1789    83.8061        423    105.500 7.2540e+02 0.0000e+00
      0.726    22.2948   5.137972     2.1332     0.1798    83.7670        424    105.750 1.2398e+03 0.0000e+00
      0.726    22.2954   5.137949     2.1326     0.1762    83.7670        425    106.000 1.5207e+03 0.0000e+00
      0.726    22.2960   5.137949     2.1353     0.1748    83.7686        426    106.250 7.4542e+02 0.0000e+00
      0.725    22.2964   5.137976     2.1471     0.1638    83.7751        427    106.500 8.6215e+02 0.0000e+00
      0.724    22.2966   5.138007     2.1659     0.1601    83.7719        428    106.750 1.4542e+03 0.0000e+00
      0.722    22.2966   5.138013     2.1868     0.1620    83.7833        429    107.000 7.1365e+02 0.0000e+00
      0.719    22.2966   5.137995     2.2032     0.1638    83.7784        430    107.250 7.6347e+02 0.0000e+00
      0.716    22.2965   5.137984     2.2123     0.1592    83.8486        431    107.500 1.0201e+03 0.0000e+00
      0.712    22.2963   5.138006     2.2159     0.1904    83.8551        432    107.750 1.1625e+03 0.0000e+00
