tests/data/19plusV2_7360_20141014_testCF.cnv
* Sea-Bird SBE19plus Data File:
* FileName = C:\WQ\field\CTD_files\Aqr-6199\WQP111.hex
* Software Version 1.59
* Temperature SN =  7360
* Conductivity SN =  7360
* System UpLoad Time = Jul 15 2015 21:54:45
* ds
* SBE 19plus V 2.5.2  SERIAL NO. 7360    15 Jul 2015 11:54:14
# nquan = 10
# nvalues = 1452                        
# units = specified
# name 0 = prdM: Pressure, Strain Gauge [db]
# name 1 = tv290C: Temperature [ITS-90, deg C]
# name 2 = c0S/m: Conductivity [S/m]
# name 3 = sbeox0V: Oxygen raw, SBE 43 [V]
# name 4 = flECO-AFL: Fluorescence, WET Labs ECO-AFL/FL [mg/m^3]
# name 5 = CStarTr0: Beam Transmission, WET Labs C-Star [%]
# name 6 = scan: Scan Count
# name 7 = timeS: Time, Elapsed [seconds]
# name 8 = par/sat/log: PAR/Logarithmic, Satlantic [umol photons/m^2/sec]
# name 9 = flag:  0.000e+00
# span 0 =      0.060,     16.051       
# span 1 =    21.4872,    22.3093       
# span 2 =   0.100941,   5.141568       
# span 3 =     2.0160,     2.8450       
# span 4 =    -0.1754,    29.3114       
# span 5 =     7.7269,    84.1358       
# span 6 =          1,       1452       
# span 7 =      0.000,    362.750       
# span 8 = 9.4018e+01, 3.3028e+03       
# span 9 = 0.0000e+00, 0.0000e+00       
# interval = seconds: 0.25
# start_time = Jul 15 2015 03:43:07 [Instrument's time stamp, header]
# bad_flag = -9.990e-29
*END*
[from data line 145]
      0.746    22.2615   5.122302     2.1355     0.1244    81.1228        146     36.250 8.5297e+02 0.0000e+00
      0.748    22.2595   5.123056     2.1381     0.1253    81.1212        147     36.500 8.4324e+02 0.0000e+00
      0.750    22.2582   5.123376     2.1421     0.1940    81.1245        148     36.750 3.2695e+03 0.0000e+00
      0.750    22.2578   5.123053     2.1462     0.1904    81.1179        149     37.000 9.6584e+02 0.0000e+00
      0.749    22.2571   5.122422     2.1516     0.1881    81.1261        150     37.250 8.5198e+02 0.0000e+00
      0.746    22.2551   5.122063     2.1614     0.1913    80.9596        151     37.500 9.2269e+02 0.0000e+00
      0.744    22.2516   5.122295     2.1743     0.1876    80.9743        152     37.750 9.4540e+02 0.0000e+00
      0.745    22.2478   5.122939     2.1975     0.1913    80.9792        153     38.000 1.2553e+03 0.0000e+00
      0.747    22.2456   5.123540     2.2234     0.1926    80.9874        154     38.250 8.5264e+02 0.0000e+00
      0.751    22.2457   5.123731     2.2412     0.1926    81.0429        155     38.500 1.0177e+03 0.0000e+00
      0.753    22.2472   5.123386     2.2545     0.1904    81.0396        156     38.750 2.5391e+03 0.0000e+00
      0.753    22.2487   5.122710     2.2644     0.1542    81.0478        157     39.000 1.1877e+03 0.0000e+00
      0.751    22.2492   5.122089     2.2753     0.1501    81.1604        158     39.250 1.1564e+03 0.0000e+00
      0.750    22.2480   5.121803     2.2863     0.1551    81.1702        159     39.500 1.8688e+03 0.0000e+00
      0.748    22.2449   5.121949     2.2954     0.1519    81.1669        160     39.750 1.1524e+03 0.0000e+00
      0.748    22.2411   5.122401     2.3015     0.1707    81.1473        161     40.000 1.9107e+03 0.0000e+00
      0.749    22.2380   5.122851     2.3049     0.1711    81.0167        162     40.250 8.3249e+02 0.0000e+00
      0.750    22.2362   5.123038     2.3049     0.1647    81.0265        163     40.500 2.8606e+03 0.0000e+00
      0.751    22.2357   5.122886     2.3060     0.1670    81.0298        164     40.750 6.0514e+02 0.0000e+00
      0.750    22.2358   5.122527     2.3042     0.1688    81.1881        165     41.000 1.4063e+03 0.0000e+00
      0.748    22.2360   5.122195     2.2992     0.1336    81.1979        166     41.250 7.9313e+02 0.0000e+00
      0.745    22.2357   5.122069     2.2908     0.1340    81.1849        167     41.500 1.7330e+03 0.0000e+00
      0.744    22.2350   5.122254     2.2829     0.1318    81.1702        168     41.750 9.5948e+02 0.0000e+00
      0.744    22.2344   5.122696     2.2750     0.1327    81.1816        169     42.000 1.0826e+03 0.0000e+00
      0.746    22.2347   5.123179     2.2654     0.1533    81.1734        170     42.250 5.7196e+02 0.0000e+00
      0.748    22.2367   5.123498     2.2552     0.1546    81.1767        171     42.500 1.4647e+03 0.0000e+00
      0.750    22.2401   5.123541     2.2457     0.1519    81.1228        172     42.750 1.1184e+03 0.0000e+00
      0.750    22.2439   5.123304     2.2397     0.1542    81.1392        173     43.000 6.4200e+02 0.0000e+00
      0.747    22.2472   5.122919     2.2307     0.1958    81.1179        174     43.250 8.2909e+02 0.0000e+00
      0.743    22.2494   5.122608     2.2186     0.1972    81.0755        175     43.500 1.0341e+03 0.0000e+00
      0.739    22.2502   5.122559     2.2075     0.2004    81.1081        176     43.750 1.0606e+03 0.0000e+00
      0.736    22.2494   5.122856     2.1945     0.1963    81.1179        177     44.000 1.8831e+03 0.0000e+00
      0.735    22.2479   5.123355     2.1839     0.1991    81.1636        178     44.250 5.9871e+02 0.0000e+00
      0.735    22.2468   5.123741     2.1809     0.1551    81.1408        179     44.500 1.2115e+03 0.0000e+00
      0.735    22.2469   5.123813     2.1885     0.1542    81.1506        180     44.750 1.0299e+03 0.0000e+00
      0.734    22.2479   5.123691     2.2023     0.1533    81.1294        181     45.000 8.4111e+02 0.0000e+00
      0.733    22.2494   5.123676     2.2161     0.1551    81.2746        182     45.250 1.6247e+03 0.0000e+00
      0.733    22.2512   5.123930     2.2280     0.1679    81.2877        183     45.500 1.7476e+03 0.0000e+00
      0.734    22.2529   5.124399     2.2373     0.1702    81.2648        184     45.750 1.5359e+03 0.0000e+00
      0.735    22.2548   5.124850     2.2416     0.1670    81.0445        185     46.000 8.3622e+02 0.0000e+00
      0.736    22.2572   5.125016     2.2460     0.1698    81.0592        186     46.250 1.1725e+03 0.0000e+00
      0.735    22.2597   5.124882     2.2502     0.1446    81.0641        187     46.500 1.0195e+03 0.0000e+00
      0.733    22.2617   5.124726     2.2547     0.1464    81.0412        188     46.750 6.7701e+02 0.0000e+00
      0.731    22.2627   5.124872     2.2568     0.1469    81.1065        189     47.000 6.9394e+02 0.0000e+00
      0.732    22.2625   5.125464     2.2600     0.1418    81.1114        190     47.250 2.6227e+02 0.0000e+00
      0.734    22.2621   5.126354     2.2625     0.1478    81.1049        191     47.500 9.2611e+02 0.0000e+00
      0.739    22.2627   5.127192     2.2645     0.1217    81.1000        192     47.750 1.2730e+03 0.0000e+00
      0.743    22.2646   5.127580     2.2687     0.1263    81.1032        193     48.000 1.2671e+03 0.0000e+00
      0.745    22.2670   5.127331     2.2736     0.1208    81.0869        194     48.250 9.8884e+02 0.0000e+00
      0.745    22.2686   5.126707     2.2780     0.1286    81.1947        195     48.500 8.4867e+02 0.0000e+00
      0.743    22.2686   5.126193     2.2871     0.1409    81.1979        196     48.750 1.6806e+03 0.0000e+00
      0.739    22.2665   5.126137     2.2996     0.1400    81.1881        197     49.000 1.6773e+03 0.0000e+00
      0.737    22.2627   5.126614     2.3122     0.1391    81.1816        198     49.250 6.8923e+02 0.0000e+00
      0.738    22.2588   5.127370     2.3245     0.1391    81.1538        199     49.500 1.5275e+03 0.0000e+00
      0.741    22.2570   5.128025     2.3313     0.1418    81.1604        200     49.750 6.8482e+02 0.0000e+00
      0.743    22.2577   5.128281     2.3335     0.1386    81.1604        201     50.000 1.1320e+03 0.0000e+00
      0.744    22.2600   5.128110     2.3364     0.1418    80.9253        202     50.250 1.5442e+03 0.0000e+00
      0.742    22.2622   5.127933     2.3371     0.1418    80.9172        203     50.500 1.1851e+03 0.0000e+00
      0.739    22.2631   5.128127     2.3406     0.1373    80.9074        204     50.750 5.1484e+02 0.0000e+00
      0.737    22.2629   5.128637     2.3474     0.2375    81.1620        205     51.000 7.8760e+02 0.0000e+00
      0.737    22.2629   5.129237     2.3576     0.2407    81.1636        206     51.250 9.7093e+02 0.0000e+00
      0.739    22.2645   5.129751     2.3701     0.2416    81.1392        207     51.500 9.8903e+02 0.0000e+00
      0.740    22.2676   5.130095     2.3771     0.2430    81.1538        208     51.750 4.1375e+02 0.0000e+00
      0.742    22.2713   5.130352     2.3799     0.2325    81.1098        209     52.000 7.0977e+02 0.0000e+00
      0.744    22.2750   5.130689     2.3803     0.2361    81.1081        210     52.250 4.6996e+02 0.0000e+00
      0.746    22.2786   5.131068     2.3743     0.2334    81.0967        211     52.500 1.0197e+03 0.0000e+00
      0.747    22.2821   5.131291     2.3623     0.2357    81.0984        212     52.750 1.2231e+03 0.0000e+00
      0.747    22.2853   5.131247     2.3487     0.2311    81.0869        213     53.000 7.2851e+02 0.0000e+00
      0.746    22.2880   5.131068     2.3305     0.2219    81.0869        214     53.250 7.4760e+02 0.0000e+00
      0.746    22.2902   5.131092     2.3156     0.2219    81.0510        215     53.500 5.2505e+02 0.0000e+00
      0.746    22.2922   5.131520     2.3013     0.2187    81.0086        216     53.750 1.2009e+03 0.0000e+00
      0.747    22.2939   5.132168     2.2866     0.2197    81.0363        217     54.000 5.2853e+02 0.0000e+00
      0.748    22.2954   5.132595     2.2741     0.1835    81.0118        218     54.250 7.3549e+02 0.0000e+00
      0.749    22.2964   5.132499     2.2663     0.1849    81.0363        219     54.500 9.1661e+02 0.0000e+00
      0.747    22.2966   5.132040     2.2606     0.1817    81.0412        220     54.750 1.1156e+03 0.0000e+00
      0.744    22.2962   5.131651     2.2572     0.1835    81.0510        221     55.000 9.2036e+02 0.0000e+00
      0.740    22.2951   5.131614     2.2518     0.1144    80.8845        222     55.250 5.0081e+02 0.0000e+00
      0.738    22.2935   5.132027     2.2453     0.1162    80.8862        223     55.500 4.4583e+02 0.0000e+00
      0.738    22.2921   5.132780     2.2425     0.1180    80.8911        224     55.750 1.7476e+03 0.0000e+00
      0.740    22.2913   5.133510     2.2398     0.1167    80.8682        225     56.000 6.7359e+02 0.0000e+00
      0.743    22.2913   5.133813     2.2412     0.1171    81.1424        226     56.250 1.3039e+03 0.0000e+00
      0.743    22.2917   5.133560     2.2467     0.1995    81.1294        227     56.500 8.1756e+02 0.0000e+00
      0.741    22.2920   5.133074     2.2539     0.1972    81.1408        228     56.750 1.6105e+03 0.0000e+00
      0.738    22.2914   5.132838     2.2570     0.1917    81.0298        229     57.000 7.6199e+02 0.0000e+00
      0.735    22.2898   5.133051     2.2597     0.1972    81.0510        230     57.250 6.7951e+02 0.0000e+00
      0.734    22.2878   5.133543     2.2733     0.2325    81.0331        231     57.500 9.9000e+02 0.0000e+00
      0.736    22.2864   5.134003     2.2915     0.2352    81.0118        232     57.750 1.2245e+03 0.0000e+00
      0.739    22.2863   5.134225     2.3078     0.2325    81.0118        233     58.000 1.5347e+03 0.0000e+00
      0.741    22.2873   5.134159     2.3162     0.2320    81.0135        234     58.250 7.0058e+02 0.0000e+00
      0.743    22.2888   5.133870     2.3221     0.1798    81.0184        235     58.500 9.5575e+02 0.0000e+00
      0.743    22.2901   5.133553     2.3243     0.1766    81.0608        236     58.750 8.6382e+02 0.0000e+00
      0.743    22.2912   5.133387     2.3200     0.1789    81.0641        237     59.000 1.1273e+03 0.0000e+00
      0.743    22.2920   5.133407     2.3094     0.1766    81.0575        238     59.250 1.0801e+03 0.0000e+00
      0.744    22.2924   5.133546     2.2940     0.1785    81.0657        239     59.500 5.3422e+02 0.0000e+00
      0.745    22.2927   5.133746     2.2778     0.1835    81.0641        240     59.750 4.7584e+02 0.0000e+00
      0.746    22.2932   5.133997     2.2624     0.1817    81.0690        241     60.000 9.6434e+02 0.0000e+00
      0.748    22.2937   5.134234     2.2491     0.1839    81.2159        242     60.250 2.2411e+03 0.0000e+00
      0.749    22.2943   5.134288     2.2394     0.1826    81.2028        243     60.500 7.5417e+02 0.0000e+00
      0.747    22.2948   5.134056     2.2332     0.1748    81.1947        244     60.750 9.1483e+02 0.0000e+00
      0.743    22.2947   5.133646     2.2314     0.1771    81.1914        245     61.000 4.2807e+02 0.0000e+00
      0.737    22.2939   5.133272     2.2279     0.1762    81.1310        246     61.250 4.8575e+02 0.0000e+00
      0.729    22.2920   5.133093     2.2254     0.1798    81.1261        247     61.500 5.6444e+02 0.0000e+00
      0.722    22.2893   5.133187     2.2245     0.1373    81.1245        248     61.750 8.6922e+02 0.0000e+00
      0.718    22.2864   5.133549     2.2214     0.1418    81.0624        249     62.000 6.3295e+02 0.0000e+00
      0.718    22.2843   5.134032     2.2212     0.1395    81.0559        250     62.250 7.9933e+02 0.0000e+00
      0.720    22.2835   5.134396     2.2171     0.1373    81.0608        251     62.500 6.2148e+02 0.0000e+00
      0.721    22.2840   5.134459     2.2190     0.1414    81.0298        252     62.750 3.5379e+02 0.0000e+00
      0.719    22.2849   5.134254     2.2195    -0.0207    81.1538        253     63.000 3.0246e+02 0.0000e+00
      0.715    22.2853   5.134031     2.2223    -0.0184    81.1620        254     63.250 2.1456e+03 0.0000e+00
      0.709    22.2846   5.134018     2.2232    -0.0207    81.1538        255     63.500 1.1217e+03 0.0000e+00
      0.705    22.2829   5.134272     2.2323    -0.0202    81.1424        256     63.750 8.3087e+02 0.0000e+00
      0.705    22.2811   5.134713     2.2547     0.2059    81.1457        257     64.000 1.9505e+03 0.0000e+00
      0.709    22.2807   5.135202     2.2847     0.2064    81.1555        258     64.250 1.0456e+03 0.0000e+00
      0.714    22.2820   5.135543     2.3102     0.2082    80.9253        259     64.500 6.2573e+02 0.0000e+00
      0.718    22.2844   5.135561     2.3355     0.2059    80.9172        260     64.750 8.2555e+02 0.0000e+00
      0.718    22.2864   5.135366     2.3590     0.2032    80.9368        261     65.000 5.3214e+02 0.0000e+00
      0.715    22.2872   5.135223     2.3787     0.2407    80.9270        262     65.250 1.0873e+03 0.0000e+00
      0.711    22.2866   5.135261     2.3904     0.2403    80.9988        263     65.500 1.1879e+03 0.0000e+00
      0.708    22.2854   5.135447     2.3977     0.2403    81.0021        264     65.750 1.0556e+03 0.0000e+00
      0.708    22.2845   5.135666     2.4072     0.2444    80.9841        265     66.000 6.1332e+02 0.0000e+00
      0.710    22.2849   5.135822     2.4119    29.3041    80.9678        266     66.250 4.7069e+02 0.0000e+00
      0.712    22.2865   5.135848     2.4142    29.3046    80.9612        267     66.500 6.8736e+02 0.0000e+00
      0.713    22.2887   5.135740     2.4167    29.3073    80.9661        268     66.750 3.3380e+02 0.0000e+00
      0.711    22.2908   5.135632     2.4231    29.3114    81.0216        269     67.000 4.6840e+02 0.0000e+00
      0.708    22.2922   5.135662     2.4302     0.2119    81.0233        270     67.250 1.2629e+03 0.0000e+00
      0.706    22.2928   5.135846     2.4343     0.2132    81.0118        271     67.500 7.9313e+02 0.0000e+00
      0.705    22.2932   5.136108     2.4318     0.2160    81.0151        272     67.750 7.0853e+02 0.0000e+00
      0.705    22.2939   5.136356     2.4249     0.2142    80.8894        273     68.000 7.4629e+02 0.0000e+00
      0.707    22.2950   5.136561     2.4166     0.2151    80.8992        274     68.250 8.3589e+02 0.0000e+00
      0.708    22.2966   5.136753     2.4049     0.1048    80.9009        275     68.500 5.5422e+02 0.0000e+00
      0.709    22.2983   5.136920     2.3906     0.1011    81.1734        276     68.750 4.2599e+02 0.0000e+00
      0.708    22.3000   5.136957     2.3744     0.1052    81.1816        277     69.000 1.3790e+03 0.0000e+00
      0.705    22.3013   5.136860     2.3578     0.1015    81.1767        278     69.250 1.2923e+03 0.0000e+00
      0.702    22.3019   5.136825     2.3461     0.1253    81.1734        279     69.500 4.3125e+02 0.0000e+00
      0.699    22.3019   5.137004     2.3318     0.1244    81.0412        280     69.750 2.9348e+02 0.0000e+00
      0.698    22.3015   5.137365     2.3183     0.1267    81.0527        281     70.000 1.1780e+03 0.0000e+00
      0.699    22.3012   5.137741     2.3117     0.1258    81.0363        282     70.250 1.2319e+03 0.0000e+00
      0.700    22.3014   5.137919     2.3120     0.1322    80.9841        283     70.500 1.1909e+03 0.0000e+00
      0.700    22.3020   5.137798     2.3115     0.1331    80.9988        284     70.750 2.1712e+03 0.0000e+00
      0.698    22.3024   5.137504     2.3091     0.1308    80.9955        285     71.000 1.4633e+03 0.0000e+00
      0.694    22.3024   5.137254     2.3043     0.1322    80.9792        286     71.250 1.7418e+03 0.0000e+00
      0.689    22.3015   5.137158     2.2960     0.1345    80.9727        287     71.500 1.1937e+03 0.0000e+00
      0.684    22.3000   5.137235     2.2898     0.1766    80.9776        288     71.750 7.9344e+02 0.0000e+00
