tests/data/19plusV2_7360_20141014_testCF.cnv
* Sea-Bird SBE19plus Data File:
* FileName = C:\WQ\field\CTD_files\Aqr-6199\WQP111.hex
* Software Version 1.59
* Temperature SN =  7360
* Conductivity SN =  7360
* System UpLoad Time = Jul 15 2015 21:54:45
* ds
* SBE 19plus V 2.5.2  SERIAL NO. 7360    15 Jul 2015 11:54:14
# nquan = 10
# nvalues = 1452                        
# units = specified
# name 0 = prdM: Pressure, Strain Gauge [db]
# name 1 = tv290C: Temperature [ITS-90, deg C]
# name 2 = c0S/m: Conductivity [S/m]
# name 3 = sbeox0V: Oxygen raw, SBE 43 [V]
# name 4 = flECO-AFL: Fluorescence, WET Labs ECO-AFL/FL [mg/m^3]
# name 5 = CStarTr0: Beam Transmission, WET Labs C-Star [%]
# name 6 = scan: Scan Count
# name 7 = timeS: Time, Elapsed [seconds]
# name 8 = par/sat/log: PAR/Logarithmic, Satlantic [umol photons/m^2/sec]
# name 9 = flag:  0.000e+00
# span 0 =      0.060,     16.051       
# span 1 =    21.4872,    22.3093       
# span 2 =   0.100941,   5.141568       
# span 3 =     2.0160,     2.8450       
# span 4 =    -0.1754,    29.3114       
# span 5 =     7.7269,    84.1358       
# span 6 =          1,       1452       
# span 7 =      0.000,    362.750       
# span 8 = 9.4018e+01, 3.3028e+03       
# span 9 = 0.0000e+00, 0.0000e+00       
# interval = seconds: 0.25
# start_time = Jul 15 2015 03:43:07 [Instrument's time stamp, header]
# bad_flag = -9.990e-29
*END*
[from data line 1154]
      0.745    22.3084   5.141339     2.2013     0.1373    84.0395       1155    288.500 1.3524e+03 0.0000e+00
      0.744    22.3083   5.141344     2.1926     0.1414    83.9530       1156    288.750 8.6315e+02 0.0000e+00
      0.744    22.3083   5.141354     2.1838     0.1395    83.9416       1157    289.000 1.2993e+03 0.0000e+00
      0.747    22.3084   5.141368     2.1775     0.1405    83.9530       1158    289.250 1.4862e+03 0.0000e+00
      0.751    22.3084   5.141387     2.1729     0.1391    84.0004       1159    289.500 4.1673e+02 0.0000e+00
      0.755    22.3085   5.141406     2.1693     0.1409    84.0036       1160    289.750 7.1545e+02 0.0000e+00
      0.757    22.3086   5.141417     2.1681     0.1405    83.9971       1161    290.000 8.7873e+02 0.0000e+00
      0.758    22.3087   5.141422     2.1706     0.1414    83.8910       1162    290.250 1.0281e+03 0.0000e+00
      0.757    22.3088   5.141432     2.1772     0.1400    83.8926       1163    290.500 1.3290e+03 0.0000e+00
      0.757    22.3089   5.141452     2.1944     0.1455    83.8780       1164    290.750 1.0990e+03 0.0000e+00
      0.759    22.3090   5.141476     2.2249     0.1487    83.8780       1165    291.000 7.6928e+02 0.0000e+00
      0.763    22.3090   5.141495     2.2581     0.1492    83.6658       1166    291.250 1.0124e+03 0.0000e+00
      0.766    22.3091   5.141505     2.2878     0.1459    83.6674       1167    291.500 1.5080e+03 0.0000e+00
      0.766    22.3092   5.141506     2.3238     0.1904    83.6772       1168    291.750 2.0414e+03 0.0000e+00
      0.764    22.3093   5.141507     2.3580     0.1913    83.4422       1169    292.000 1.5210e+03 0.0000e+00
      0.763    22.3093   5.141514     2.3881     0.1908    83.4471       1170    292.250 1.2885e+03 0.0000e+00
      0.764    22.3092   5.141525     2.4067     0.1899    83.4422       1171    292.500 9.2359e+02 0.0000e+00
      0.769    22.3092   5.141538     2.4144     0.1885    83.9204       1172    292.750 8.1249e+02 0.0000e+00
      0.775    22.3091   5.141547     2.4167     0.1492    83.9253       1173    293.000 1.6288e+03 0.0000e+00
      0.780    22.3091   5.141548     2.4154     0.1464    83.9204       1174    293.250 1.1711e+03 0.0000e+00
      0.783    22.3090   5.141541     2.4158     0.1464    83.9335       1175    293.500 7.1726e+02 0.0000e+00
      0.782    22.3090   5.141532     2.4273     0.1459    83.7719       1176    293.750 4.9722e+02 0.0000e+00
      0.781    22.3090   5.141527     2.4415     0.1382    83.7833       1177    294.000 5.6488e+02 0.0000e+00
      0.780    22.3090   5.141524     2.4512     0.1418    83.7866       1178    294.250 1.4692e+03 0.0000e+00
      0.781    22.3090   5.141522     2.4568     0.1386    83.8665       1179    294.500 3.1299e+02 0.0000e+00
      0.782    22.3090   5.141520     2.4571     0.1414    83.8682       1180    294.750 9.9134e+02 0.0000e+00
      0.783    22.3090   5.141518     2.4501     0.1913    83.8502       1181    295.000 8.6450e+02 0.0000e+00
      0.783    22.3090   5.141516     2.4385     0.1899    83.8323       1182    295.250 4.7206e+02 0.0000e+00
      0.781    22.3090   5.141513     2.4213     0.1931    83.8208       1183    295.500 1.3582e+03 0.0000e+00
      0.779    22.3091   5.141509     2.4004     0.1917    83.8241       1184    295.750 1.0128e+03 0.0000e+00
      0.776    22.3091   5.141508     2.3762     0.1904    83.8257       1185    296.000 8.3622e+02 0.0000e+00
      0.771    22.3091   5.141507     2.3525     0.1473    83.8633       1186    296.250 1.1221e+03 0.0000e+00
      0.766    22.3090   5.141509     2.3268     0.1469    83.8584       1187    296.500 8.0322e+02 0.0000e+00
      0.760    22.3090   5.141514     2.3011     0.1459    83.8600       1188    296.750 8.9425e+02 0.0000e+00
      0.756    22.3090   5.141522     2.2785     0.1496    83.9171       1189    297.000 1.6822e+03 0.0000e+00
      0.755    22.3090   5.141532     2.2601     0.1638    83.9253       1190    297.250 1.1484e+03 0.0000e+00
      0.758    22.3090   5.141541     2.2455     0.1624    83.9204       1191    297.500 7.7153e+02 0.0000e+00
      0.762    22.3090   5.141547     2.2364     0.1601    83.9171       1192    297.750 1.1121e+03 0.0000e+00
      0.767    22.3090   5.141551     2.2307     0.1624    83.9416       1193    298.000 1.8780e+03 0.0000e+00
      0.771    22.3090   5.141552     2.2300     0.1908    83.9416       1194    298.250 1.7516e+03 0.0000e+00
      0.773    22.3090   5.141551     2.2255     0.1926    83.9302       1195    298.500 8.4341e+02 0.0000e+00
      0.774    22.3090   5.141550     2.2186     0.1926    83.8323       1196    298.750 9.5910e+02 0.0000e+00
      0.774    22.3090   5.141550     2.2126     0.1904    83.8372       1197    299.000 9.5780e+02 0.0000e+00
      0.776    22.3090   5.141551     2.2105     0.1913    83.8388       1198    299.250 1.0151e+03 0.0000e+00
      0.779    22.3090   5.141556     2.2190     0.1766    83.8747       1199    299.500 2.1302e+03 0.0000e+00
      0.782    22.3090   5.141563     2.2274     0.1739    83.8894       1200    299.750 7.5741e+02 0.0000e+00
      0.785    22.3090   5.141567     2.2364     0.1762    83.8845       1201    300.000 8.3394e+02 0.0000e+00
      0.785    22.3090   5.141568     2.2406     0.1771    83.8812       1202    300.250 6.2512e+02 0.0000e+00
      0.784    22.3090   5.141566     2.2420     0.1459    83.7996       1203    300.500 1.9219e+03 0.0000e+00
      0.782    22.3090   5.141562     2.2412     0.1446    83.7996       1204    300.750 9.2359e+02 0.0000e+00
      0.780    22.3090   5.141560     2.2447     0.1469    83.8045       1205    301.000 1.3683e+03 0.0000e+00
      0.779    22.3090   5.141560     2.2494     0.1469    83.9024       1206    301.250 6.5678e+02 0.0000e+00
      0.778    22.3089   5.141561     2.2574     0.1615    83.9106       1207    301.500 1.8204e+03 0.0000e+00
      0.778    22.3089   5.141561     2.2660     0.1611    83.8959       1208    301.750 6.4865e+02 0.0000e+00
      0.777    22.3090   5.141561     2.2732     0.1624    83.8453       1209    302.000 7.9036e+02 0.0000e+00
      0.774    22.3090   5.141559     2.2759     0.1624    83.7719       1210    302.250 1.3635e+03 0.0000e+00
      0.769    22.3089   5.141557     2.2747     0.1624    83.7670       1211    302.500 2.9482e+03 0.0000e+00
      0.763    22.3089   5.141558     2.2702     0.1638    83.7768       1212    302.750 1.2166e+03 0.0000e+00
      0.756    22.3089   5.141558     2.2612     0.1633    84.0118       1213    303.000 5.3609e+02 0.0000e+00
      0.750    22.3089   5.141557     2.2519     0.1611    84.0232       1214    303.250 1.0915e+03 0.0000e+00
      0.745    22.3089   5.141555     2.2440     0.1624    84.0200       1215    303.500 9.2845e+02 0.0000e+00
      0.742    22.3088   5.141555     2.2349     0.1533    83.7131       1216    303.750 1.3163e+03 0.0000e+00
      0.740    22.3087   5.141556     2.2244     0.1533    83.7082       1217    304.000 9.0281e+02 0.0000e+00
      0.739    22.3086   5.141556     2.2121     0.1551    83.7049       1218    304.250 9.1590e+02 0.0000e+00
      0.739    22.3084   5.141555     2.2005     0.1533    83.6919       1219    304.500 7.1462e+02 0.0000e+00
      0.737    22.3082   5.141553     2.1870     0.1505    83.9743       1220    304.750 2.2860e+03 0.0000e+00
      0.736    22.3079   5.141552     2.1756     0.1771    83.9824       1221    305.000 2.0040e+03 0.0000e+00
      0.735    22.3076   5.141551     2.1635     0.1766    83.9726       1222    305.250 3.1562e+02 0.0000e+00
      0.735    22.3074   5.141551     2.1514     0.1766    84.0004       1223    305.500 1.3023e+03 0.0000e+00
      0.737    22.3071   5.141551     2.1402     0.1752    84.0053       1224    305.750 1.2004e+03 0.0000e+00
      0.738    22.3067   5.141551     2.1278     0.1624    84.0085       1225    306.000 7.8089e+02 0.0000e+00
      0.739    22.3063   5.141552     2.1196     0.1601    83.9481       1226    306.250 8.7430e+02 0.0000e+00
      0.738    22.3059   5.141551     2.1130     0.1611    83.9481       1227    306.500 8.2027e+02 0.0000e+00
      0.736    22.3056   5.141545     2.1099     0.1601    83.9661       1228    306.750 1.0442e+03 0.0000e+00
      0.735    22.3054   5.141529     2.1102     0.1757    83.9465       1229    307.000 1.2674e+03 0.0000e+00
      0.735    22.3054   5.141504     2.1178     0.1766    83.9204       1230    307.250 6.3727e+02 0.0000e+00
      0.737    22.3053   5.141477     2.1305     0.1757    83.9286       1231    307.500 8.9477e+02 0.0000e+00
      0.741    22.3052   5.141458     2.1440     0.1789    83.9367       1232    307.750 6.5921e+02 0.0000e+00
      0.744    22.3049   5.141456     2.1590     0.1766    84.0053       1233    308.000 9.3244e+02 0.0000e+00
      0.746    22.3047   5.141461     2.1720     0.1707    84.0004       1234    308.250 1.2830e+03 0.0000e+00
      0.749    22.3045   5.141456     2.1820     0.1707    84.0118       1235    308.500 1.4627e+03 0.0000e+00
      0.753    22.3044   5.141433     2.1923     0.1698    83.9302       1236    308.750 1.2797e+03 0.0000e+00
      0.759    22.3044   5.141404     2.2039     0.1688    83.9383       1237    309.000 8.3427e+02 0.0000e+00
      0.766    22.3043   5.141386     2.2163     0.1839    83.9302       1238    309.250 1.0217e+03 0.0000e+00
      0.772    22.3042   5.141390     2.2331     0.1835    83.9237       1239    309.500 8.3427e+02 0.0000e+00
      0.777    22.3041   5.141410     2.2468     0.1826    83.8535       1240    309.750 9.8807e+02 0.0000e+00
      0.780    22.3040   5.141432     2.2544     0.1821    83.8453       1241    310.000 4.9414e+02 0.0000e+00
      0.782    22.3040   5.141444     2.2580     0.1670    83.8453       1242    310.250 9.4027e+02 0.0000e+00
      0.782    22.3041   5.141444     2.2576     0.1688    83.9416       1243    310.500 6.8123e+02 0.0000e+00
      0.783    22.3042   5.141443     2.2577     0.1711    83.9383       1244    310.750 1.1709e+03 0.0000e+00
      0.783    22.3043   5.141444     2.2590     0.1688    83.9383       1245    311.000 1.1860e+03 0.0000e+00
      0.783    22.3044   5.141438     2.2588     0.1688    83.9237       1246    311.250 9.9695e+02 0.0000e+00
      0.784    22.3045   5.141421     2.2567     0.1679    83.8469       1247    311.500 1.3480e+03 0.0000e+00
      0.785    22.3046   5.141398     2.2514     0.1661    83.8518       1248    311.750 9.8673e+02 0.0000e+00
      0.786    22.3046   5.141384     2.2430     0.1679    83.8567       1249    312.000 6.7885e+02 0.0000e+00
      0.787    22.3046   5.141386     2.2354     0.1679    83.8437       1250    312.250 6.0691e+02 0.0000e+00
      0.787    22.3046   5.141391     2.2299     0.1606    83.8518       1251    312.500 1.4891e+03 0.0000e+00
      0.787    22.3045   5.141388     2.2236     0.1661    83.8453       1252    312.750 1.3443e+03 0.0000e+00
      0.787    22.3045   5.141370     2.2170     0.1620    83.8845       1253    313.000 4.1286e+02 0.0000e+00
      0.788    22.3045   5.141349     2.2148     0.1638    83.8845       1254    313.250 8.2491e+02 0.0000e+00
      0.789    22.3045   5.141343     2.2149     0.1620    83.8780       1255    313.500 1.2190e+03 0.0000e+00
      0.788    22.3045   5.141359     2.2158     0.1606    83.8714       1256    313.750 9.3461e+02 0.0000e+00
      0.785    22.3045   5.141384     2.2166     0.1643    83.9416       1257    314.000 7.6630e+02 0.0000e+00
      0.782    22.3045   5.141398     2.2190     0.1638    83.9416       1258    314.250 8.6955e+02 0.0000e+00
      0.779    22.3046   5.141386     2.2264     0.1588    83.9547       1259    314.500 1.4499e+03 0.0000e+00
      0.779    22.3048   5.141357     2.2396     0.1546    83.8567       1260    314.750 1.1812e+03 0.0000e+00
      0.781    22.3050   5.141332     2.2553     0.1546    83.8600       1261    315.000 8.0275e+02 0.0000e+00
      0.784    22.3051   5.141325     2.2695     0.1551    83.8616       1262    315.250 1.3558e+03 0.0000e+00
      0.786    22.3051   5.141341     2.2815     0.1546    83.8877       1263    315.500 1.0824e+03 0.0000e+00
      0.785    22.3052   5.141366     2.2997     0.2338    83.8992       1264    315.750 6.0197e+02 0.0000e+00
      0.782    22.3052   5.141380     2.3190     0.2325    83.8992       1265    316.000 8.6466e+02 0.0000e+00
      0.778    22.3053   5.141372     2.3320     0.2325    83.9057       1266    316.250 5.2362e+02 0.0000e+00
      0.775    22.3055   5.141352     2.3389     0.2338    83.8845       1267    316.500 1.2381e+03 0.0000e+00
      0.775    22.3056   5.141336     2.3479     0.2325    83.8877       1268    316.750 4.4186e+02 0.0000e+00
      0.776    22.3056   5.141330     2.3574    -0.1699    83.8845       1269    317.000 6.7477e+02 0.0000e+00
      0.776    22.3056   5.141336     2.3651    -0.1722    83.8910       1270    317.250 1.6171e+03 0.0000e+00
      0.776    22.3056   5.141350     2.3656    -0.1708    83.9024       1271    317.500 1.3686e+03 0.0000e+00
      0.774    22.3056   5.141359     2.3626    -0.1754    83.8926       1272    317.750 1.3865e+03 0.0000e+00
      0.773    22.3056   5.141359     2.3558    -0.0472    83.8910       1273    318.000 9.3771e+02 0.0000e+00
      0.773    22.3056   5.141350     2.3450    -0.0472    83.7996       1274    318.250 8.8302e+02 0.0000e+00
      0.774    22.3056   5.141340     2.3404    -0.0472    83.7898       1275    318.500 1.0958e+03 0.0000e+00
      0.775    22.3056   5.141337     2.3284    -0.0463    83.7931       1276    318.750 1.7192e+03 0.0000e+00
      0.776    22.3056   5.141344     2.3145     0.2535    83.7604       1277    319.000 1.8926e+03 0.0000e+00
      0.777    22.3056   5.141356     2.2990     0.2544    83.7604       1278    319.250 7.6243e+02 0.0000e+00
      0.778    22.3056   5.141365     2.2850     0.2558    83.7604       1279    319.500 9.2395e+02 0.0000e+00
      0.780    22.3056   5.141362     2.2703     0.2558    83.8665       1280    319.750 6.4450e+02 0.0000e+00
      0.786    22.3056   5.141349     2.2577     0.2558    83.8861       1281    320.000 6.8642e+02 0.0000e+00
      0.794    22.3056   5.141334     2.2486     0.1263    83.8780       1282    320.250 9.2629e+02 0.0000e+00
      0.806    22.3056   5.141328     2.2438     0.1281    83.8567       1283    320.500 4.5494e+02 0.0000e+00
      0.820    22.3056   5.141330     2.2438     0.1263    83.8910       1284    320.750 5.9569e+02 0.0000e+00
      0.835    22.3056   5.141338     2.2478     0.1258    83.8780       1285    321.000 1.2331e+03 0.0000e+00
      0.852    22.3056   5.141348     2.2557     0.0114    83.8780       1286    321.250 7.2908e+02 0.0000e+00
      0.872    22.3056   5.141353     2.2678     0.0114    83.7719       1287    321.500 7.7514e+02 0.0000e+00
      0.897    22.3057   5.141348     2.2786     0.0109    83.7719       1288    321.750 3.8166e+02 0.0000e+00
      0.929    22.3057   5.141335     2.2868     0.0104    83.7866       1289    322.000 1.1009e+03 0.0000e+00
      0.972    22.3056   5.141315     2.2878     0.0846    83.9122       1290    322.250 1.3903e+03 0.0000e+00
      1.026    22.3055   5.141293     2.2838     0.0851    83.9057       1291    322.500 1.6240e+03 0.0000e+00
      1.094    22.3053   5.141267     2.2749     0.0874    83.9204       1292    322.750 9.9540e+02 0.0000e+00
      1.172    22.3050   5.141227     2.2671     0.0869    83.9171       1293    323.000 9.4669e+02 0.0000e+00
      1.259    22.3045   5.141161     2.2656     0.0832    83.7833       1294    323.250 8.3362e+02 0.0000e+00
      1.350    22.3037   5.141089     2.2818     0.1931    83.7849       1295    323.500 5.8138e+02 0.0000e+00
      1.440    22.3026   5.141036     2.3243     0.1945    83.7866       1296    323.750 1.7043e+03 0.0000e+00
      1.529    22.3016   5.140989     2.3805     0.1894    83.7343       1297    324.000 6.9394e+02 0.0000e+00
