tests/data/19plusV2_7360_20141014_testCF.cnv
* Sea-Bird SBE19plus Data File:
* FileName = C:\WQ\field\CTD_files\Aqr-6199\WQP111.hex
* Software Version 1.59
* Temperature SN =  7360
* Conductivity SN =  7360
* System UpLoad Time = Jul 15 2015 21:54:45
* ds
* SBE 19plus V 2.5.2  SERIAL NO. 7360    15 Jul 2015 11:54:14
# nquan = 10
# nvalues = 1452                        
# units = specified
# name 0 = prdM: Pressure, Strain Gauge [db]
# name 1 = tv290C: Temperature [ITS-90, deg C]
# name 2 = c0S/m: Conductivity [S/m]
# name 3 = sbeox0V: Oxygen raw, SBE 43 [V]
# name 4 = flECO-AFL: Fluorescence, WET Labs ECO-AFL/FL [mg/m^3]
# name 5 = CStarTr0: Beam Transmission, WET Labs C-Star [%]
# name 6 = scan: Scan Count
# name 7 = timeS: Time, Elapsed [seconds]
# name 8 = par/sat/log: PAR/Logarithmic, Satlantic [umol photons/m^2/sec]
# name 9 = flag:  0.000e+00
# span 0 =      0.060,     16.051       
# span 1 =    21.4872,    22.3093       
# span 2 =   0.100941,   5.141568       
# span 3 =     2.0160,     2.8450       
# span 4 =    -0.1754,    29.3114       
# span 5 =     7.7269,    84.1358       
# span 6 =          1,       1452       
# span 7 =      0.000,    362.750       
# span 8 = 9.4018e+01, 3.3028e+03       
# span 9 = 0.0000e+00, 0.0000e+00       
# interval = seconds: 0.25
# start_time = Jul 15 2015 03:43:07 [Instrument's time stamp, header]
# bad_flag = -9.990e-29
*END*
[from data line 721]
      0.691    22.3036   5.139233     2.1146     0.2219    83.7963        722    180.250 1.0355e+03 0.0000e+00
      0.690    22.3037   5.139233     2.1176     0.2192    83.7915        723    180.500 1.2701e+03 0.0000e+00
      0.690    22.3037   5.139237     2.1180     0.1936    83.8290        724    180.750 1.0867e+03 0.0000e+00
      0.690    22.3037   5.139245     2.1151     0.1904    83.8323        725    181.000 1.4732e+03 0.0000e+00
      0.692    22.3037   5.139254     2.1122     0.1885    83.8306        726    181.250 1.2622e+03 0.0000e+00
      0.693    22.3038   5.139260     2.1074     0.1913    83.8225        727    181.500 8.8456e+02 0.0000e+00
      0.693    22.3039   5.139262     2.1019     0.1556    83.8763        728    181.750 1.2490e+03 0.0000e+00
      0.693    22.3040   5.139263     2.0964     0.1528    83.8649        729    182.000 8.0338e+02 0.0000e+00
      0.692    22.3040   5.139264     2.0896     0.1565    83.8747        730    182.250 1.1050e+03 0.0000e+00
      0.690    22.3041   5.139265     2.0809     0.1565    83.9645        731    182.500 1.5169e+03 0.0000e+00
      0.689    22.3042   5.139271     2.0742     0.1624    83.9824        732    182.750 1.3558e+03 0.0000e+00
      0.690    22.3042   5.139282     2.0664     0.1601    83.9775        733    183.000 9.8385e+02 0.0000e+00
      0.691    22.3042   5.139297     2.0612     0.1633    83.8633        734    183.250 1.2585e+03 0.0000e+00
      0.693    22.3042   5.139313     2.0547     0.1624    83.8665        735    183.500 1.6234e+03 0.0000e+00
      0.694    22.3042   5.139330     2.0478     0.1615    83.8633        736    183.750 8.9617e+02 0.0000e+00
      0.696    22.3043   5.139355     2.0413     0.1533    83.8600        737    184.000 9.8500e+02 0.0000e+00
      0.697    22.3043   5.139383     2.0349     0.1551    83.8372        738    184.250 1.3217e+03 0.0000e+00
      0.698    22.3043   5.139399     2.0291     0.1551    83.8437        739    184.500 5.1065e+02 0.0000e+00
      0.698    22.3042   5.139407     2.0259     0.1546    83.8372        740    184.750 8.0541e+02 0.0000e+00
      0.698    22.3042   5.139428     2.0230     0.1153    83.8127        741    185.000 8.2459e+02 0.0000e+00
      0.698    22.3041   5.139476     2.0195     0.1176    83.8176        742    185.250 9.5948e+02 0.0000e+00
      0.700    22.3040   5.139554     2.0160     0.1167    83.8045        743    185.500 1.2456e+03 0.0000e+00
      0.705    22.3038   5.139653     2.0169     0.1176    83.7996        744    185.750 1.7805e+03 0.0000e+00
      0.710    22.3035   5.139734     2.0202     0.1162    83.7409        745    186.000 1.2507e+03 0.0000e+00
      0.715    22.3032   5.139755     2.0289     0.1185    83.7343        746    186.250 1.0597e+03 0.0000e+00
      0.716    22.3029   5.139727     2.0401     0.1189    83.7376        747    186.500 1.2753e+03 0.0000e+00
      0.715    22.3027   5.139706     2.0501     0.1162    83.6772        748    186.750 1.0452e+03 0.0000e+00
      0.713    22.3027   5.139729     2.0684     0.1189    83.6707        749    187.000 1.0907e+03 0.0000e+00
      0.713    22.3027   5.139787     2.1006     0.1986    83.6772        750    187.250 1.5767e+03 0.0000e+00
      0.716    22.3026   5.139852     2.1398     0.1986    83.8306        751    187.500 5.3745e+02 0.0000e+00
      0.720    22.3023   5.139898     2.1740     0.1986    83.8208        752    187.750 4.8575e+02 0.0000e+00
      0.723    22.3020   5.139910     2.2049     0.2004    83.8306        753    188.000 7.6406e+02 0.0000e+00
      0.723    22.3016   5.139902     2.2387     0.1551    83.8176        754    188.250 9.4558e+02 0.0000e+00
      0.719    22.3014   5.139901     2.2733     0.1533    83.7425        755    188.500 1.2580e+03 0.0000e+00
      0.716    22.3013   5.139914     2.3027     0.1505    83.7409        756    188.750 9.9753e+02 0.0000e+00
      0.715    22.3013   5.139934     2.3285     0.1556    83.7409        757    189.000 6.0397e+02 0.0000e+00
      0.717    22.3012   5.139958     2.3497     0.2091    83.4715        758    189.250 8.1645e+02 0.0000e+00
      0.719    22.3010   5.139978     2.3638     0.2105    83.4552        759    189.500 1.9362e+03 0.0000e+00
      0.721    22.3006   5.139983     2.3688     0.2132    83.4683        760    189.750 1.0690e+03 0.0000e+00
      0.721    22.3004   5.139979     2.3677     0.2137    83.7278        761    190.000 1.8007e+03 0.0000e+00
      0.720    22.3002   5.139975     2.3624     0.2132    83.7229        762    190.250 1.0281e+03 0.0000e+00
      0.717    22.3002   5.139978     2.3490     0.1739    83.7196        763    190.500 9.9676e+02 0.0000e+00
      0.716    22.3003   5.139990     2.3369     0.1766    83.7213        764    190.750 1.2430e+03 0.0000e+00
      0.717    22.3005   5.140008     2.3244     0.1766    83.4846        765    191.000 8.6685e+02 0.0000e+00
      0.720    22.3007   5.140025     2.3175     0.1757    83.5042        766    191.250 1.3731e+03 0.0000e+00
      0.724    22.3007   5.140037     2.3167     0.1336    83.5058        767    191.500 1.2558e+03 0.0000e+00
      0.727    22.3007   5.140042     2.3162     0.1322    83.8094        768    191.750 1.2283e+03 0.0000e+00
      0.729    22.3007   5.140042     2.3151     0.1304    83.8208        769    192.000 3.9052e+02 0.0000e+00
      0.728    22.3006   5.140040     2.3097     0.1331    83.8078        770    192.250 6.8549e+02 0.0000e+00
      0.727    22.3006   5.140044     2.3026     0.1308    83.8388        771    192.500 1.0601e+03 0.0000e+00
      0.727    22.3007   5.140058     2.2963     0.1395    83.8323        772    192.750 1.9673e+03 0.0000e+00
      0.730    22.3007   5.140082     2.2930     0.1414    83.8306        773    193.000 1.1344e+03 0.0000e+00
      0.734    22.3008   5.140110     2.2907     0.1391    83.8306        774    193.250 7.0894e+02 0.0000e+00
      0.738    22.3007   5.140129     2.2929     0.1418    83.9041        775    193.500 1.0343e+03 0.0000e+00
      0.740    22.3007   5.140132     2.2934     0.1249    83.8910        776    193.750 4.3284e+02 0.0000e+00
      0.740    22.3008   5.140128     2.2935     0.1272    83.8943        777    194.000 8.5463e+02 0.0000e+00
      0.738    22.3009   5.140129     2.2936     0.1226    83.7996        778    194.250 1.1488e+03 0.0000e+00
      0.735    22.3010   5.140135     2.2914     0.1244    83.8045        779    194.500 5.1704e+02 0.0000e+00
      0.733    22.3013   5.140148     2.2867     0.1391    83.7996        780    194.750 9.1644e+02 0.0000e+00
      0.735    22.3015   5.140165     2.2842     0.1395    83.7898        781    195.000 7.5549e+02 0.0000e+00
      0.739    22.3016   5.140182     2.2867     0.1409    83.7621        782    195.250 1.4463e+03 0.0000e+00
      0.742    22.3017   5.140193     2.2905     0.1414    83.7719        783    195.500 8.4406e+02 0.0000e+00
      0.743    22.3017   5.140197     2.2908     0.1405    83.7686        784    195.750 8.7243e+02 0.0000e+00
      0.741    22.3018   5.140199     2.2881     0.1459    83.8518        785    196.000 6.0928e+02 0.0000e+00
      0.737    22.3018   5.140203     2.2808     0.1473    83.8453        786    196.250 1.1851e+03 0.0000e+00
      0.733    22.3019   5.140213     2.2710     0.1478    83.8437        787    196.500 9.9019e+02 0.0000e+00
      0.731    22.3020   5.140224     2.2656     0.1446    83.5793        788    196.750 7.8531e+02 0.0000e+00
      0.731    22.3021   5.140234     2.2606     0.2137    83.5711        789    197.000 6.9759e+02 0.0000e+00
      0.733    22.3021   5.140246     2.2564     0.2105    83.5809        790    197.250 1.4712e+03 0.0000e+00
      0.736    22.3022   5.140260     2.2543     0.2128    83.5776        791    197.500 1.0303e+03 0.0000e+00
      0.739    22.3022   5.140273     2.2498     0.2105    83.7441        792    197.750 5.9395e+02 0.0000e+00
      0.739    22.3022   5.140282     2.2421     0.1395    83.7376        793    198.000 1.2319e+03 0.0000e+00
      0.737    22.3023   5.140286     2.2320     0.1382    83.7392        794    198.250 9.6359e+02 0.0000e+00
      0.732    22.3023   5.140287     2.2238     0.1386    83.9481        795    198.500 8.3216e+02 0.0000e+00
      0.726    22.3024   5.140289     2.2242     0.1377    83.9416        796    198.750 1.5782e+03 0.0000e+00
      0.721    22.3025   5.140299     2.2322     0.1405    83.9465        797    199.000 9.3298e+02 0.0000e+00
      0.719    22.3026   5.140313     2.2438     0.1528    83.7441        798    199.250 1.1468e+03 0.0000e+00
      0.718    22.3027   5.140327     2.2537     0.1542    83.7474        799    199.500 5.7631e+02 0.0000e+00
      0.718    22.3028   5.140334     2.2585     0.1565    83.7409        800    199.750 1.1736e+03 0.0000e+00
      0.716    22.3029   5.140333     2.2661     0.1560    83.7409        801    200.000 1.3852e+03 0.0000e+00
      0.713    22.3030   5.140331     2.2759     0.1652    83.7882        802    200.250 1.2235e+03 0.0000e+00
      0.710    22.3030   5.140331     2.2881     0.1592    83.7849        803    200.500 2.0521e+03 0.0000e+00
      0.706    22.3031   5.140332     2.2993     0.1633    83.7931        804    200.750 1.0351e+03 0.0000e+00
      0.705    22.3031   5.140338     2.3078     0.1633    83.7866        805    201.000 1.0485e+03 0.0000e+00
      0.705    22.3031   5.140349     2.3092     0.1826    83.7866        806    201.250 7.7273e+02 0.0000e+00
      0.706    22.3031   5.140363     2.3033     0.1821    83.7800        807    201.500 2.5386e+03 0.0000e+00
      0.708    22.3031   5.140376     2.2949     0.1835    83.7735        808    201.750 1.0915e+03 0.0000e+00
      0.710    22.3032   5.140386     2.2830     0.1835    83.7213        809    202.000 1.0641e+03 0.0000e+00
      0.709    22.3032   5.140393     2.2728     0.1853    83.7164        810    202.250 9.6678e+02 0.0000e+00
      0.706    22.3033   5.140398     2.2612     0.1762    83.7327        811    202.500 1.1287e+03 0.0000e+00
      0.702    22.3033   5.140400     2.2487     0.1762    83.7506        812    202.750 1.0867e+03 0.0000e+00
      0.699    22.3033   5.140404     2.2423     0.1771    83.7506        813    203.000 1.4661e+03 0.0000e+00
      0.698    22.3033   5.140413     2.2386     0.1785    83.7474        814    203.250 1.2415e+03 0.0000e+00
      0.699    22.3033   5.140427     2.2358     0.1917    83.9857        815    203.500 4.1633e+02 0.0000e+00
      0.701    22.3033   5.140442     2.2352     0.1917    83.9938        816    203.750 7.1698e+02 0.0000e+00
      0.703    22.3034   5.140455     2.2368     0.1894    83.9824        817    204.000 7.8485e+02 0.0000e+00
      0.703    22.3034   5.140461     2.2375     0.1936    83.9710        818    204.250 7.6110e+02 0.0000e+00
      0.701    22.3035   5.140464     2.2390     0.1894    83.6919        819    204.500 1.4902e+03 0.0000e+00
      0.698    22.3035   5.140468     2.2368     0.1913    83.7082        820    204.750 1.0990e+03 0.0000e+00
      0.696    22.3036   5.140474     2.2327     0.1904    83.6886        821    205.000 9.2001e+02 0.0000e+00
      0.696    22.3036   5.140485     2.2383     0.1913    83.8959        822    205.250 1.1280e+03 0.0000e+00
      0.700    22.3036   5.140503     2.2527     0.1899    83.8992        823    205.500 2.1120e+03 0.0000e+00
      0.706    22.3036   5.140524     2.2741     0.1913    83.8910        824    205.750 1.6418e+03 0.0000e+00
      0.714    22.3036   5.140543     2.2906     0.1899    83.7963        825    206.000 1.1648e+03 0.0000e+00
      0.720    22.3035   5.140554     2.3033     0.1913    83.8094        826    206.250 1.0776e+03 0.0000e+00
      0.725    22.3035   5.140556     2.3186     0.1894    83.7963        827    206.500 7.9437e+02 0.0000e+00
      0.727    22.3034   5.140553     2.3343     0.2041    83.7915        828    206.750 1.6386e+03 0.0000e+00
      0.727    22.3034   5.140552     2.3438     0.2055    83.8127        829    207.000 1.5373e+03 0.0000e+00
      0.726    22.3034   5.140553     2.3486     0.2041    83.8208        830    207.250 9.2611e+02 0.0000e+00
      0.726    22.3035   5.140556     2.3436     0.2077    83.8192        831    207.500 9.3298e+02 0.0000e+00
      0.727    22.3035   5.140561     2.3402     0.2032    83.8665        832    207.750 8.7754e+02 0.0000e+00
      0.729    22.3036   5.140564     2.3357     0.1752    83.8714        833    208.000 1.1711e+03 0.0000e+00
      0.730    22.3037   5.140567     2.3288     0.1766    83.8714        834    208.250 1.4287e+03 0.0000e+00
      0.731    22.3037   5.140571     2.3220     0.1766    83.8910        835    208.500 1.1151e+03 0.0000e+00
      0.730    22.3038   5.140574     2.3115     0.1762    83.9808        836    208.750 4.5867e+02 0.0000e+00
      0.730    22.3039   5.140574     2.3006     0.1707    83.9808        837    209.000 5.4683e+02 0.0000e+00
      0.730    22.3040   5.140572     2.2914     0.1698    83.9792        838    209.250 7.1908e+02 0.0000e+00
      0.730    22.3040   5.140571     2.2844     0.1675    83.7702        839    209.500 6.1177e+02 0.0000e+00
      0.730    22.3041   5.140571     2.2726     0.1698    83.7751        840    209.750 6.2148e+02 0.0000e+00
      0.730    22.3041   5.140573     2.2599     0.1638    83.7784        841    210.000 5.6642e+02 0.0000e+00
      0.730    22.3042   5.140575     2.2453     0.1615    83.9286        842    210.250 1.0934e+03 0.0000e+00
      0.731    22.3042   5.140574     2.2302     0.1620    83.9269        843    210.500 9.8290e+02 0.0000e+00
      0.732    22.3042   5.140573     2.2146     0.1620    83.9220        844    210.750 1.5022e+03 0.0000e+00
      0.733    22.3043   5.140575     2.2013     0.1579    83.9171        845    211.000 1.1618e+03 0.0000e+00
      0.734    22.3043   5.140582     2.1877     0.1839    83.7670        846    211.250 9.6660e+02 0.0000e+00
      0.733    22.3043   5.140591     2.1776     0.1826    83.7572        847    211.500 1.8350e+03 0.0000e+00
      0.731    22.3043   5.140598     2.1716     0.1844    83.7621        848    211.750 1.0098e+03 0.0000e+00
      0.730    22.3043   5.140600     2.1662     0.1821    83.7441        849    212.000 1.0780e+03 0.0000e+00
      0.731    22.3042   5.140602     2.1620     0.1698    83.7523        850    212.250 3.5282e+02 0.0000e+00
      0.734    22.3041   5.140608     2.1637     0.1693    83.7441        851    212.500 1.6215e+03 0.0000e+00
      0.737    22.3039   5.140617     2.1695     0.1679    83.7882        852    212.750 1.0075e+03 0.0000e+00
      0.739    22.3037   5.140625     2.1799     0.1675    83.7833        853    213.000 6.5921e+02 0.0000e+00
      0.739    22.3036   5.140632     2.1981     0.1427    83.7931        854    213.250 6.8695e+02 0.0000e+00
      0.738    22.3036   5.140636     2.2249     0.1492    83.7866        855    213.500 9.1430e+02 0.0000e+00
      0.738    22.3036   5.140636     2.2478     0.1473    83.5972        856    213.750 1.2126e+03 0.0000e+00
      0.739    22.3037   5.140632     2.2654     0.1492    83.6038        857    214.000 8.4111e+02 0.0000e+00
      0.741    22.3038   5.140630     2.2780     0.1459    83.5972        858    214.250 7.3792e+02 0.0000e+00
      0.742    22.3039   5.140634     2.2866     0.1592    83.8306        859    214.500 1.2032e+03 0.0000e+00
      0.741    22.3039   5.140644     2.2900     0.1647    83.8323        860    214.750 1.0695e+03 0.0000e+00
      0.739    22.3040   5.140650     2.2884     0.1606    83.8388        861    215.000 5.5400e+02 0.0000e+00
      0.736    22.3040   5.140647     2.2831     0.1588    83.8241        862    215.250 9.4430e+02 0.0000e+00
      0.736    22.3040   5.140637     2.2805     0.1679    83.8208        863    215.500 1.1736e+03 0.0000e+00
      0.738    22.3040   5.140629     2.2776     0.1702    83.8257        864    215.750 9.3389e+02 0.0000e+00
